5.399999999999999939e-02
5.899999999999999689e-02
6.099999999999999867e-02
5.899999999999999689e-02
5.199999999999999761e-02
5.899999999999999689e-02
6.199999999999999956e-02
7.000000000000000666e-02
1.089999999999999997e-01
1.330000000000000071e-01
8.000000000000000167e-02
6.550000000000000266e-01
8.890000000000000124e-01
7.599999999999999811e-02
7.840000000000000302e-01
6.510000000000000231e-01
8.790000000000000036e-01
1.006000000000000005e+00
8.559999999999999831e-01
1.340000000000000080e+00
1.149000000000000021e+00
1.181999999999999940e+00
1.034999999999999920e+00
1.143000000000000016e+00
1.032000000000000028e+00
7.800000000000000266e-01
8.120000000000000551e-01
4.309999999999999942e-01
3.669999999999999929e-01
6.780000000000000471e-01
7.119999999999999662e-01
7.690000000000000169e-01
1.390000000000000124e-01
1.270000000000000018e-01
2.119999999999999940e-01
2.149999999999999967e-01
5.300000000000000266e-01
1.479999999999999927e-01
4.020000000000000240e-01
8.000000000000000167e-02
2.010000000000000120e-01
9.099999999999999756e-02
5.600000000000000117e-02
4.900000000000000189e-02
4.700000000000000011e-02
4.599999999999999922e-02
5.299999999999999850e-02
4.100000000000000172e-02
4.399999999999999745e-02
4.399999999999999745e-02
4.399999999999999745e-02
4.100000000000000172e-02
4.299999999999999656e-02
4.200000000000000261e-02
4.299999999999999656e-02
4.200000000000000261e-02
4.299999999999999656e-02
4.299999999999999656e-02
4.299999999999999656e-02
3.699999999999999817e-02
4.000000000000000083e-02
7.499999999999999722e-02
