5.000000000000000104e-03
4.299999999999999656e-02
4.200000000000000261e-02
5.600000000000000117e-02
2.900000000000000147e-02
1.700000000000000122e-02
1.899999999999999953e-02
8.000000000000000167e-03
1.299999999999999940e-02
1.499999999999999944e-02
1.899999999999999953e-02
2.199999999999999872e-02
4.800000000000000100e-02
2.599999999999999881e-02
2.599999999999999881e-02
3.699999999999999817e-02
3.599999999999999728e-02
4.000000000000000083e-02
5.800000000000000294e-02
7.399999999999999634e-02
1.170000000000000068e-01
2.570000000000000062e-01
1.980000000000000093e-01
4.599999999999999922e-02
4.700000000000000011e-02
4.299999999999999656e-02
4.100000000000000172e-02
4.100000000000000172e-02
3.699999999999999817e-02
4.000000000000000083e-02
4.700000000000000011e-02
4.399999999999999745e-02
4.399999999999999745e-02
4.000000000000000083e-02
4.299999999999999656e-02
3.899999999999999994e-02
4.499999999999999833e-02
4.299999999999999656e-02
4.499999999999999833e-02
3.899999999999999994e-02
4.100000000000000172e-02
4.100000000000000172e-02
4.100000000000000172e-02
3.799999999999999906e-02
3.799999999999999906e-02
3.699999999999999817e-02
4.100000000000000172e-02
3.400000000000000244e-02
3.500000000000000333e-02
3.500000000000000333e-02
3.799999999999999906e-02
3.599999999999999728e-02
4.100000000000000172e-02
3.699999999999999817e-02
4.200000000000000261e-02
3.799999999999999906e-02
3.799999999999999906e-02
4.299999999999999656e-02
4.000000000000000083e-02
4.200000000000000261e-02
4.200000000000000261e-02
7.499999999999999722e-02
