4.000000000000000083e-03
4.599999999999999922e-02
4.499999999999999833e-02
5.800000000000000294e-02
2.999999999999999889e-02
1.700000000000000122e-02
1.899999999999999953e-02
6.000000000000000125e-03
8.999999999999999320e-03
7.000000000000000146e-03
1.299999999999999940e-02
1.499999999999999944e-02
2.500000000000000139e-02
1.700000000000000122e-02
1.600000000000000033e-02
3.599999999999999728e-02
5.000000000000000278e-02
3.099999999999999978e-02
2.999999999999999889e-02
2.800000000000000058e-02
2.900000000000000147e-02
9.700000000000000289e-02
2.310000000000000109e-01
1.970000000000000084e-01
7.599999999999999811e-02
5.800000000000000294e-02
5.000000000000000278e-02
4.599999999999999922e-02
4.000000000000000083e-02
4.200000000000000261e-02
3.899999999999999994e-02
4.000000000000000083e-02
4.100000000000000172e-02
4.800000000000000100e-02
4.499999999999999833e-02
4.100000000000000172e-02
4.100000000000000172e-02
4.499999999999999833e-02
7.499999999999999722e-02
4.399999999999999745e-02
4.399999999999999745e-02
4.200000000000000261e-02
4.499999999999999833e-02
4.399999999999999745e-02
4.299999999999999656e-02
4.200000000000000261e-02
4.200000000000000261e-02
4.100000000000000172e-02
4.499999999999999833e-02
3.200000000000000067e-02
4.100000000000000172e-02
4.100000000000000172e-02
4.100000000000000172e-02
4.200000000000000261e-02
4.100000000000000172e-02
4.100000000000000172e-02
4.200000000000000261e-02
4.100000000000000172e-02
4.100000000000000172e-02
4.200000000000000261e-02
4.200000000000000261e-02
4.100000000000000172e-02
4.000000000000000083e-02
7.799999999999999989e-02
