5.000000000000000104e-03
4.299999999999999656e-02
4.299999999999999656e-02
5.600000000000000117e-02
2.900000000000000147e-02
1.600000000000000033e-02
1.799999999999999864e-02
8.000000000000000167e-03
1.299999999999999940e-02
1.499999999999999944e-02
1.700000000000000122e-02
2.199999999999999872e-02
4.700000000000000011e-02
2.699999999999999969e-02
2.599999999999999881e-02
4.399999999999999745e-02
3.599999999999999728e-02
4.200000000000000261e-02
6.700000000000000400e-02
6.900000000000000577e-02
1.260000000000000009e-01
9.099999999999999756e-02
1.980000000000000093e-01
4.700000000000000011e-02
4.599999999999999922e-02
4.200000000000000261e-02
4.299999999999999656e-02
3.799999999999999906e-02
3.699999999999999817e-02
4.000000000000000083e-02
4.499999999999999833e-02
4.399999999999999745e-02
4.299999999999999656e-02
4.200000000000000261e-02
4.200000000000000261e-02
4.399999999999999745e-02
4.700000000000000011e-02
4.299999999999999656e-02
4.200000000000000261e-02
4.200000000000000261e-02
4.399999999999999745e-02
4.299999999999999656e-02
4.200000000000000261e-02
4.100000000000000172e-02
4.100000000000000172e-02
4.100000000000000172e-02
4.299999999999999656e-02
3.099999999999999978e-02
4.000000000000000083e-02
4.000000000000000083e-02
4.100000000000000172e-02
4.100000000000000172e-02
4.000000000000000083e-02
4.000000000000000083e-02
4.100000000000000172e-02
4.100000000000000172e-02
4.000000000000000083e-02
4.100000000000000172e-02
4.000000000000000083e-02
4.000000000000000083e-02
4.000000000000000083e-02
7.799999999999999989e-02
