5.000000000000000104e-03
4.399999999999999745e-02
4.399999999999999745e-02
5.700000000000000205e-02
2.900000000000000147e-02
1.700000000000000122e-02
1.600000000000000033e-02
8.000000000000000167e-03
1.200000000000000025e-02
1.400000000000000029e-02
1.799999999999999864e-02
2.199999999999999872e-02
4.700000000000000011e-02
2.699999999999999969e-02
2.599999999999999881e-02
4.000000000000000083e-02
3.599999999999999728e-02
4.100000000000000172e-02
6.700000000000000400e-02
7.000000000000000666e-02
1.290000000000000036e-01
2.510000000000000009e-01
2.010000000000000120e-01
5.299999999999999850e-02
4.800000000000000100e-02
4.299999999999999656e-02
4.299999999999999656e-02
3.300000000000000155e-02
3.400000000000000244e-02
3.099999999999999978e-02
3.699999999999999817e-02
3.500000000000000333e-02
3.400000000000000244e-02
4.100000000000000172e-02
4.200000000000000261e-02
4.200000000000000261e-02
4.800000000000000100e-02
4.200000000000000261e-02
4.599999999999999922e-02
4.200000000000000261e-02
4.499999999999999833e-02
4.299999999999999656e-02
4.200000000000000261e-02
4.299999999999999656e-02
4.299999999999999656e-02
4.200000000000000261e-02
4.499999999999999833e-02
3.200000000000000067e-02
4.200000000000000261e-02
4.100000000000000172e-02
4.100000000000000172e-02
4.100000000000000172e-02
4.100000000000000172e-02
4.200000000000000261e-02
4.200000000000000261e-02
4.100000000000000172e-02
4.100000000000000172e-02
4.200000000000000261e-02
4.100000000000000172e-02
4.000000000000000083e-02
4.000000000000000083e-02
8.000000000000000167e-02
