6.000000000000000125e-03
7.000000000000000146e-03
8.000000000000000167e-03
1.400000000000000029e-02
1.000000000000000021e-02
8.000000000000000167e-03
7.000000000000000146e-03
8.999999999999999320e-03
1.700000000000000122e-02
1.799999999999999864e-02
1.799999999999999864e-02
2.100000000000000130e-02
2.900000000000000147e-02
2.199999999999999872e-02
2.699999999999999969e-02
2.999999999999999889e-02
3.300000000000000155e-02
3.599999999999999728e-02
3.899999999999999994e-02
5.299999999999999850e-02
5.199999999999999761e-02
5.600000000000000117e-02
4.499999999999999833e-02
4.200000000000000261e-02
4.399999999999999745e-02
4.399999999999999745e-02
4.499999999999999833e-02
4.399999999999999745e-02
4.200000000000000261e-02
4.399999999999999745e-02
4.800000000000000100e-02
4.499999999999999833e-02
4.100000000000000172e-02
4.100000000000000172e-02
4.200000000000000261e-02
4.499999999999999833e-02
4.000000000000000083e-02
4.499999999999999833e-02
4.700000000000000011e-02
4.399999999999999745e-02
4.599999999999999922e-02
4.499999999999999833e-02
4.399999999999999745e-02
4.299999999999999656e-02
3.899999999999999994e-02
4.200000000000000261e-02
4.299999999999999656e-02
3.200000000000000067e-02
4.399999999999999745e-02
4.200000000000000261e-02
4.299999999999999656e-02
4.200000000000000261e-02
4.399999999999999745e-02
4.200000000000000261e-02
4.299999999999999656e-02
4.100000000000000172e-02
4.200000000000000261e-02
4.399999999999999745e-02
4.200000000000000261e-02
4.200000000000000261e-02
4.100000000000000172e-02
7.599999999999999811e-02
