6.000000000000000125e-03
7.000000000000000146e-03
7.000000000000000146e-03
1.200000000000000025e-02
8.999999999999999320e-03
7.000000000000000146e-03
8.000000000000000167e-03
7.000000000000000146e-03
1.000000000000000021e-02
8.000000000000000167e-03
1.400000000000000029e-02
1.600000000000000033e-02
1.600000000000000033e-02
1.899999999999999953e-02
2.100000000000000130e-02
2.599999999999999881e-02
2.699999999999999969e-02
2.699999999999999969e-02
2.999999999999999889e-02
2.599999999999999881e-02
3.400000000000000244e-02
4.299999999999999656e-02
5.000000000000000278e-02
4.499999999999999833e-02
4.399999999999999745e-02
4.100000000000000172e-02
4.399999999999999745e-02
4.399999999999999745e-02
4.100000000000000172e-02
4.200000000000000261e-02
4.100000000000000172e-02
4.000000000000000083e-02
4.399999999999999745e-02
4.499999999999999833e-02
4.599999999999999922e-02
4.200000000000000261e-02
4.299999999999999656e-02
4.800000000000000100e-02
4.800000000000000100e-02
4.299999999999999656e-02
4.700000000000000011e-02
4.299999999999999656e-02
4.499999999999999833e-02
4.499999999999999833e-02
4.399999999999999745e-02
4.200000000000000261e-02
4.299999999999999656e-02
4.200000000000000261e-02
4.200000000000000261e-02
3.200000000000000067e-02
4.200000000000000261e-02
4.100000000000000172e-02
4.200000000000000261e-02
4.100000000000000172e-02
4.100000000000000172e-02
4.200000000000000261e-02
4.200000000000000261e-02
4.000000000000000083e-02
3.799999999999999906e-02
4.200000000000000261e-02
3.799999999999999906e-02
3.699999999999999817e-02
4.000000000000000083e-02
7.599999999999999811e-02
