2.299999999999999961e-02
1.600000000000000033e-02
2.000000000000000042e-02
1.899999999999999953e-02
1.400000000000000029e-02
1.499999999999999944e-02
1.700000000000000122e-02
1.799999999999999864e-02
1.400000000000000029e-02
1.400000000000000029e-02
1.200000000000000025e-02
1.499999999999999944e-02
1.400000000000000029e-02
1.299999999999999940e-02
1.400000000000000029e-02
1.499999999999999944e-02
1.299999999999999940e-02
1.200000000000000025e-02
1.200000000000000025e-02
1.000000000000000021e-02
8.999999999999999320e-03
