8.000000000000000167e-03
4.000000000000000083e-03
5.000000000000000104e-03
8.000000000000000167e-03
1.200000000000000025e-02
1.200000000000000025e-02
1.299999999999999940e-02
1.400000000000000029e-02
8.999999999999999320e-03
8.000000000000000167e-03
8.999999999999999320e-03
8.999999999999999320e-03
1.000000000000000021e-02
1.000000000000000021e-02
8.999999999999999320e-03
1.000000000000000021e-02
8.999999999999999320e-03
1.000000000000000021e-02
8.999999999999999320e-03
8.999999999999999320e-03
8.999999999999999320e-03
