8.000000000000000167e-03
5.000000000000000104e-03
7.000000000000000146e-03
8.000000000000000167e-03
1.200000000000000025e-02
1.200000000000000025e-02
1.400000000000000029e-02
1.499999999999999944e-02
8.999999999999999320e-03
8.999999999999999320e-03
8.999999999999999320e-03
8.999999999999999320e-03
7.000000000000000146e-03
1.000000000000000021e-02
1.000000000000000021e-02
1.000000000000000021e-02
1.000000000000000021e-02
1.000000000000000021e-02
8.999999999999999320e-03
1.000000000000000021e-02
8.999999999999999320e-03
