8.999999999999999320e-03
7.000000000000000146e-03
8.000000000000000167e-03
8.000000000000000167e-03
1.000000000000000021e-02
8.999999999999999320e-03
1.099999999999999936e-02
1.200000000000000025e-02
1.000000000000000021e-02
1.000000000000000021e-02
8.999999999999999320e-03
1.000000000000000021e-02
1.099999999999999936e-02
1.200000000000000025e-02
1.000000000000000021e-02
1.099999999999999936e-02
1.099999999999999936e-02
1.099999999999999936e-02
1.099999999999999936e-02
1.000000000000000021e-02
8.999999999999999320e-03
